treatment	statistic	excess_anticipate	current_investment	long_term_inv_subasoc	long_term_inv_joint	long_term_inv_other	gross_profit_margin	net_profit_margin	profitability	return_on_assets	tasa_ir	conjunto
control	mean	0	172280.4110381421	151589.58801501011	4985.298209371692	109031.71082077309	0.21997602457386806	0.655600173486786	0.06595026983892323	0.4894346711075827	0.10733759444696962	todas_empresas
control	sd	0	5464981.999231244	2945513.2155381236	412592.0457081334	3943516.5002528704	0.39116322796278485	0.47461768234086354	0.15692832470123924	0.45829362148379293	0.1117341262840027	todas_empresas
control	median	0	0	0	0	0	0	1	0	0.43411581444947234	0	todas_empresas
control	firms	7424	7424	7424	7424	7424	7424	7424	7424	7424	7424	todas_empresas
treatment	mean	0	42938.18717898355	199270.73887272726	2310.796644155844	62772.14872329978	0.21315972333829508	0.6441621773035351	0.0733358385198999	0.37275884929201303	0.1019909533593522	todas_empresas
treatment	sd	0	452156.3665702752	2101606.8537678793	91322.16889498568	788910.2402386443	0.3887318473180185	0.47830081858671303	0.17228398374815732	0.42823057727809977	0.1125151803588548	todas_empresas
treatment	median	0	0	0	0	0	0	1	0	0.11287681331580648	0	todas_empresas
treatment	firms	1524	1524	1524	1524	1524	1524	1524	1524	1524	1524	todas_empresas
control	mean	0	172280.4110381421	151589.58801501011	4985.298209371692	109031.71082077309	0.21997602457386806	0.655600173486786	0.06595026983892323	0.4894346711075827	0.10733759444696962	panel_desbalanceado
control	sd	0	5464981.999231244	2945513.2155381236	412592.0457081334	3943516.5002528704	0.39116322796278485	0.47461768234086354	0.15692832470123924	0.45829362148379293	0.1117341262840027	panel_desbalanceado
control	median	0	0	0	0	0	0	1	0	0.43411581444947234	0	panel_desbalanceado
control	firms	7424	7424	7424	7424	7424	7424	7424	7424	7424	7424	panel_desbalanceado
treatment	mean	0	42938.18717898355	199270.73887272726	2310.796644155844	62772.14872329978	0.21315972333829508	0.6441621773035351	0.0733358385198999	0.37275884929201303	0.1019909533593522	panel_desbalanceado
treatment	sd	0	452156.3665702752	2101606.8537678793	91322.16889498568	788910.2402386443	0.3887318473180185	0.47830081858671303	0.17228398374815732	0.42823057727809977	0.1125151803588548	panel_desbalanceado
treatment	median	0	0	0	0	0	0	1	0	0.11287681331580648	0	panel_desbalanceado
treatment	firms	1524	1524	1524	1524	1524	1524	1524	1524	1524	1524	panel_desbalanceado
control	mean	0	292674.5723491644	194599.9673281868	9537.372897759367	157693.57911245397	0.27963014169759776	0.7914613748932643	0.08187503144973293	0.5952629685765328	0.13811223452324742	panel_balanceado
control	sd	0	7397493.511277449	2632773.242051819	577048.2316453356	4913161.723181242	0.4191064818343459	0.4052818695537721	0.16454119296318237	0.44089767648003136	0.10888627248289333	panel_balanceado
control	median	0	0	0	0	0	0.024607790746952844	1	0.017994406743432747	0.849174828533124	0.21999998299388057	panel_balanceado
control	firms	3368	3368	3368	3368	3368	3368	3368	3368	3368	3368	panel_balanceado
treatment	mean	0	62370.84482732157	309516.90574414714	3626.1059113712377	81964.67836531083	0.2758761995398219	0.7561321773752712	0.09010123413817071	0.4331875667263337	0.12489242601886809	panel_balanceado
treatment	sd	0	558695.7683519204	2651432.6746298256	115822.01615433455	943346.2941084447	0.42169692912745593	0.42921324472921063	0.18201775344356916	0.432664494497082	0.1125602532310966	panel_balanceado
treatment	median	0	0	0	0	0	0.013870225868912187	1	0.008863731708555134	0.24312054740678266	0.2199998149108105	panel_balanceado
treatment	firms	885	885	885	885	885	885	885	885	885	885	panel_balanceado
control	mean	0	195445.46599312837	166864.4684684876	5506.079741736635	125836.18243232036	0.23089303258772637	0.6800948118321162	0.07045991332310823	0.5165324453264972	0.11550715460501605	panel_semibalanceado
control	sd	0	5868135.400126936	3095153.267699641	433629.13499068207	4238814.879380541	0.3975441299288584	0.46583378307338613	0.15930330096568837	0.45544903492610755	0.11175207858124009	panel_semibalanceado
control	median	0	0	0	0	0	0	1	9.854692543824442e-4	0.5597487928818587	0.21999793222879888	panel_semibalanceado
control	firms	6169	6169	6169	6169	6169	6169	6169	6169	6169	6169	panel_semibalanceado
treatment	mean	0	46923.49723338917	218382.51845319636	2530.9837557077626	61089.02462590732	0.22401250173015208	0.6639420732505181	0.07887468531746673	0.39633912353789796	0.11048013834847384	panel_semibalanceado
treatment	sd	0	477732.2489689698	2201932.4004880805	95724.16264220727	805799.4985638473	0.39525883049681815	0.47184983927939333	0.1747163271155528	0.4304374353473096	0.11308516993768475	panel_semibalanceado
treatment	median	0	0	0	0	0	0	1	0	0.15569722670626007	0	panel_semibalanceado
treatment	firms	1295	1295	1295	1295	1295	1295	1295	1295	1295	1295	panel_semibalanceado
control	mean	0	257501.46127112076	197491.17082270977	7571.473805217906	145572.41033638196	0.33492911604027203	0.9981978127259197	0.09970748438056398	0.7399560296562168	0.16224361559526226	ingreso_positivo
control	sd	0	6713122.327640731	3520339.0221344843	512033.3404942519	4563979.849326487	0.44099640060875167	0.03049631596024326	0.18402894972041137	0.36353740258187484	0.09981032884908066	ingreso_positivo
control	median	0	0	0	0	0	0.05075086081072217	1	0.031645624180222015	1	0.2199999992904342	ingreso_positivo
control	firms	5262	5262	5262	5262	5262	5262	5262	5262	5262	5262	ingreso_positivo
treatment	mean	0	66294.17477099237	226368.4285946385	3607.8664012997565	80798.68628625954	0.3295977572037163	0.9960343614152393	0.11400643904257722	0.5794835088421255	0.15855311184451967	ingreso_positivo
treatment	sd	0	562317.1391448345	2461292.7953584148	114195.18113782724	945110.8522757784	0.441991849752053	0.05354124227755936	0.2037412491898768	0.4065472758663664	0.10349693443954516	ingreso_positivo
treatment	median	0	0	0	0	0	0.04104515280704433	1	0.028200942025650634	0.6510218280768338	0.21999999931222566	ingreso_positivo
treatment	firms	1083	1083	1083	1083	1083	1083	1083	1083	1083	1083	ingreso_positivo
control	mean	0	334457.23392213334	138346.0286342452	10127.464251266463	190870.75141653334	0.44000026005514237	0.9988297587505737	0.12206743558008946	0.8069997954577797	0.22333089251014288	tasa_positiva
control	sd	0	7861632.980949195	2276502.0368723283	598578.6970833732	5348271.765890853	0.4560981114021715	0.02174556123148171	0.18152492045511437	0.3176375691059639	0.008340875144728609	tasa_positiva
control	median	0	0	0	0	0	0.13710921946728571	1	0.05779470691549309	1	0.22000003004240484	tasa_positiva
control	firms	4115	4115	4115	4115	4115	4115	4115	4115	4115	4115	tasa_positiva
treatment	mean	0	89709.86418794133	120895.31296254256	4908.050839954597	60056.554084736556	0.44159136424598666	0.9966359469691352	0.13708665524754676	0.6525146247653919	0.22564321185912087	tasa_positiva
treatment	sd	0	667964.7851583002	1108860.9336289703	134945.20735323286	800165.2511689286	0.45996608525578936	0.04572926661377207	0.19592500885709932	0.38756258528794985	0.009996717102045286	tasa_positiva
treatment	median	0	0	0	0	0	0.11587623247140348	1	0.058300997426295166	0.8736777505170829	0.22000008061363097	tasa_positiva
treatment	firms	846	846	846	846	846	846	846	846	846	846	tasa_positiva
